8
886.000000
915.000000
335.000000
492.000000
421.000000
27.000000
59.000000
926.000000
426.000000
736.000000
368.000000
429.000000
530.000000
123.000000
135.000000
802.000000
58.000000
167.000000
456.000000
42.000000
373.000000
919.000000
537.000000
324.000000
370.000000
526.000000
980.000000
873.000000
170.000000
281.000000
925.000000
327.000000
505.000000
729.000000
857.000000
895.000000
545.000000
367.000000
364.000000
750.000000
808.000000
178.000000
584.000000
651.000000
399.000000
60.000000
368.000000
12.000000
586.000000
539.000000
570.000000
378.000000
601.000000
902.000000
492.000000
756.000000
280.000000
441.000000
689.000000
619.000000
729.000000
117.000000
771.000000
675.000000
