8
2097375.00
2503734.00
2840737.00
2441687.00
2403522.00
1914699.00
2207588.00
2888725.00
2164528.00
2123487.00
2747925.00
2704750.00
1981229.00
896813.00
2043949.00
2166328.00
1046427.00
894104.00
1248169.00
964474.00
1102601.00
1212976.00
1008499.00
1109795.00
2256354.00
2117371.00
2788009.00
2757739.00
1659703.00
1072621.00
1902627.00
1910744.00
1940112.00
1869650.00
1939293.00
1891117.00
1661822.00
1094554.00
1174896.00
1934985.00
2126354.00
2032140.00
2969938.00
2540654.00
2273146.00
1902565.00
2358117.00
2275572.00
1129503.00
1453127.00
1984927.00
1568316.00
1474324.00
1409650.00
1718729.00
1715328.00
1041742.00
1454592.00
1817526.00
1443114.00
1337541.00
1270115.00
1521717.00
1661925.00
