8
383.000000
777.000000
793.000000
386.000000
649.000000
362.000000
690.000000
763.000000
540.000000
172.000000
211.000000
567.000000
782.000000
862.000000
67.000000
929.000000
22.000000
69.000000
393.000000
11.000000
229.000000
421.000000
784.000000
198.000000
315.000000
413.000000
91.000000
956.000000
862.000000
996.000000
305.000000
84.000000
336.000000
846.000000
313.000000
124.000000
582.000000
814.000000
434.000000
43.000000
87.000000
276.000000
788.000000
403.000000
754.000000
932.000000
676.000000
739.000000
226.000000
94.000000
795.000000
434.000000
467.000000
97.000000
317.000000
652.000000
301.000000
286.000000
865.000000
444.000000
440.000000
31.000000
97.000000
481.000000
