10
709.000000
927.000000
567.000000
856.000000
497.000000
353.000000
586.000000
965.000000
306.000000
683.000000
219.000000
624.000000
528.000000
871.000000
732.000000
829.000000
503.000000
19.000000
270.000000
368.000000
708.000000
715.000000
340.000000
149.000000
796.000000
723.000000
618.000000
245.000000
846.000000
451.000000
921.000000
555.000000
379.000000
488.000000
764.000000
228.000000
841.000000
350.000000
193.000000
500.000000
34.000000
764.000000
124.000000
914.000000
987.000000
856.000000
743.000000
491.000000
227.000000
365.000000
859.000000
936.000000
432.000000
551.000000
437.000000
228.000000
275.000000
407.000000
474.000000
121.000000
858.000000
395.000000
29.000000
237.000000
235.000000
793.000000
818.000000
428.000000
143.000000
11.000000
928.000000
529.000000
776.000000
404.000000
443.000000
763.000000
613.000000
538.000000
606.000000
840.000000
904.000000
818.000000
128.000000
688.000000
369.000000
917.000000
917.000000
996.000000
324.000000
743.000000
470.000000
183.000000
490.000000
499.000000
772.000000
725.000000
644.000000
590.000000
505.000000
139.000000
