709.00
927.00
567.00
856.00
497.00
353.00
586.00
965.00
306.00
683.00
219.00
602.60
581.72
637.94
698.39
621.28
469.46
393.69
436.74
368.00
708.00
584.12
406.77
495.54
695.39
577.13
550.12
476.96
480.74
451.00
921.00
640.62
407.68
613.84
657.65
631.96
623.21
426.84
365.52
500.00
34.00
499.72
475.48
708.26
729.18
637.63
553.97
421.16
370.54
365.00
859.00
624.34
422.37
471.13
420.06
470.74
504.94
447.02
311.11
121.00
858.00
487.07
390.29
347.48
447.71
658.49
604.49
432.10
300.64
11.00
928.00
707.61
481.18
472.73
499.09
690.12
672.52
648.92
543.91
840.00
904.00
548.12
467.06
499.16
611.25
772.07
800.32
671.85
557.55
743.00
470.00
183.00
490.00
499.00
772.00
725.00
644.00
590.00
505.00
139.00
